1 2
0 3 6
0 4 7
1 5 6
2 7 8
3 9 13
1 3 10 14
2 4 10 15
4 11 16
5 12 13
6 7 14 15
8 16 17
9 20
5 9 18 21
6 10 18 22
7 10 19 23
8 11 19 24
11 25
13 14 21 22
15 16 23 24
12 26 29
13 18 26 30
14 18 27 31
15 19 27 32
16 19 28 33
17 28 34
20 21 29 30
22 23 31 32
24 25 33 34
20 26 37
21 26 35 38
22 27 35 39
23 27 36 40
24 28 36 41
25 28 42
30 31 38 39
32 33 40 41
29 43 46
30 35 43 47
31 35 44 48
32 36 44 49
33 36 45 50
34 45 51
37 38 46 47
39 40 48 49
41 42 50 51
37 43 54
38 43 52 55
39 44 52 56
40 44 53 57
41 45 53 58
42 45 59
47 48 55 56
49 50 57 58
46 60
47 52 60 63
48 52 61 64
49 53 61 65
50 53 62 66
51 62
54 55 63
56 57 64 65
58 59 66
55 60 67
56 61 67 69
57 61 68 70
58 62 68
63 64 69
65 66 70
64 67 71
65 68 71
69 70
